0.49966914129177810608
0.51389081699319399829
0.51024159689959419957
0.50659236871182698963
0.50294313362782278919
0.49929389284559620552
0.51351554904317209741
0.50986633450429621688
0.50621711113686746643
0.50256788013875742312
0.49891864270793081552
0.49526940004243090003
0.50949106879057762719
0.50584185069373572700
0.50219262423180324494
0.49854339060268953363
0.49489415100439143987
0.49124490663497868005
0.50546658710638665589
0.50181736563089432356
0.49816813625378898390
0.49451890017301557661
0.49086965858660087740
0.50509132009878955987
0.50144210405997708637
0.49779287938515608417
0.49414364727221408918
0.49049440891912943948
0.48684516552395665042
0.50106683924301159309
0.49741761972072931645
0.49376839202590725219
0.49011915735646980332
0.48646991691042651695
0.48282067188585745855
0.49704235698445999009
0.49339313415802610336
0.48974390362253610587
0.48609466657594907833
0.48244542421630358696
0.49666709090031351313
0.49301787339251371185
0.48936864744125244598
0.48571941424443283434
0.48207017500004644584
0.47842093090615867710
0.49264260945332643773
0.48899338853655414871
0.48534415963979544444
0.48169492396098940078
0.47804568269815788595
0.49226734206443520378
0.48861812663238903703
0.48496890248596500142
0.48131967082304418338
0.47767043284159942651
0.47402118973968070971
0.48824286145271870050
0.48459364250688129869
0.48094441531013216027
0.47729518106038960801
0.47364594095565806506
0.46999669619401343043
0.48421837942649708787
0.48056915714618558924
0.47691992707844356449
0.47327069042122438443
0.46962144837256186217
0.48384311296877935170
0.48019389605514889532
0.47654467061968653281
0.47289543786028908658
0.46924619897494278602
0.46559695516170864431
0.47981863176097993436
0.47616941140805511315
0.47252018299677088531
0.46887094772506040052
0.46522170679094055787
0.47944336398765125847
0.47579414916749853675
0.47214492555459906128
0.46849569434682740542
0.46484645674215085694
0.46119721393861479491
0.47541888362197993438
0.47176966525771472726
0.46812043856416626548
0.46447120473924672894
0.46082196498095535440
0.45717272048736381186
0.47139440183007209343
0.46774518010101047669
0.46409595050614432563
0.46044671424342123827
0.45679747251087021160
0.47101913499563973536
0.46736991868130583658
0.46372069376677003572
0.46007146144992279594
