3041048952823339214076.5512296665811109642
3041053374055180494676.3567875488100243292
3041073430004048060001.2603600230420269813
3041107185882763816344.5025732639123258038
3041151648830922700533.7578167708078020698
3041203021529635470673.7959826456424090380
3041257018347299770850.4213816908004175053
3041309215740725302727.0196356793382450440
3041355406542968041982.3218052247420830014
3041391928659575768858.8277967432217898248
3041415942250644017751.7769859885887063416
3041425635109490973149.9694658760893934609
3041420342915298502833.5402943595320277466
3041400578552296336253.2066114949961091017
3041367972028485096075.6281930780445633188
3041325129101332942837.2323340166477680785
3041275422104979871660.7286407355247298149
3041222730427990787795.7791338360158773428
3041171150526047485120.3679600806499000431
3041124696310474810611.2279554475620384822
3041087010361055855959.2192812890453125960
3041061104853908139621.1500010434583767547
3041049148580065215243.3209002443135939899
3041052313168289632166.4401211554353541785
3041070687816820721917.2048072785667999700
3041103267668248817018.0069008701373589986
3041148016600268407030.2462156093836387932
3041202000814469929017.8327272676504344802
3041261585345924691497.1137824117930756150
3041322681654918133492.7208743809252929209
3041381030978414153409.6240694940032540468
3041432505307900590037.3954826414254088572
3041473405930302369124.7364015578526908914
3041500738630820638782.7189632757974077556
3041512445106771902283.4145614806224598809
3041507572033520642313.2919082747832478272
3041486362635007822892.5956091767007354298
3041450260506092112841.2350079860657717640
3041401821627372860244.3822136107878525558
3041344537648509697834.6083155060323005202
3041282581060818861507.9051842517239591484
3041220490151551078186.7940594112127217129
3041162817857329071589.6000134981274590565
3041113773039748416617.5264745640587349534
3041076884632863065253.0246422652320081994
3041054718131807330701.9344581625973053569
3041048669903867647808.1596051542670981797
3041058858088979700001.6103855975347166565
3041084120069926916310.9988713569270845125
3041122116585091432051.3187776002186858809
3041169532645417216985.9794044339128285623
3041222356619592504375.1591499985492856030
3041276212119974386848.8293360107223649124
3041326713312008192349.9502912488047699871
3041369813264737796612.8516639342022140006
3041402116861106760374.2656920431378673177
3041421134167542985506.3691236352340559716
3041425456365047558506.5463208244716233745
3041414843596760049955.3853836261024412495
3041390221616947581006.1308828716139272229
3041353591251156846171.6700095507399011375
3041307860864166886280.9509907933753087219
3041256616924019088397.7049900289371282903
3041203851161516761389.7064532065610029924
3041153664718336252955.2679200999309096117
3041109970130124610213.7532671263206377213
3041076211156784472851.9076307634446640158
3041055118545941995225.3352527443804376663
3041048517008120945189.1157612953573113881
3041057195201250767498.4093022759695516113
3041080846562846480579.0990640033705734677
3041118084570025828229.2736526107195674624
3041166531617238663939.9276444635343305138
3041222976339504328541.8096125399190019582
3041283590036884429536.5809576697321859323
3041344189044694688047.9067835018975041717
3041400526628728450757.8374839785993781633
3041448595466031006532.1763536006335616157
3041484920210306859109.8114048799498832646
3041506819245108713018.9929293779912273387
3041512615681826998773.2197672081644669288
3041501780093757172959.5786093971796340009
3041474991433236014818.7536480975021043547
3041434107970189616179.8174219628286541728
3041382046672818468062.6284642701878452303
3041322576803631352421.5684057572447704138
3041260041035567602381.6017714967436426334
3041199024379702262076.9897418859678758811
3041143996872790079250.6443193750981377034
3041098959553843008814.7247521155889219866
3041067124174782734104.1387625063382059195
3041050655021121365777.3383651709444265673
3041050496198179572020.3521658174887617369
3041066300186156480115.4258439342616284757
3041096464156428980667.6671437367867564770
3041138270500399946998.7478044286022096058
3041188118387851225380.9620842057819545137
3041241825020153828551.9058514049802424043
3041294969433375511391.1771329517829909127
3041343248764188450466.4265015940681262967
3041382816960914808066.6810809277311486197
3041410578777872719836.6039070113522014649
3041424417010992558317.9620383399399907805
3041423337603936308321.8762355326826041111
3041407524692235689767.2573906238945314013
3041378305108988521113.1473975158464542125
3041338028715779530765.0395036865101857889
3041289876675733994010.9556673226684765946
3041237614158096058008.8448965405079059564
3041185306827025396290.9673983618354526557
3041137021829740245242.7396391489194335444
3041096533969194202522.8029576063667041125
3041067056496054262264.3177829763801304292
3041051013687413797566.1556919595095631596
3041049869306792706347.9584682502259401627
3041064021365517505187.4527723189003091221
3041092769518974047077.2408946189734542488
3041134357106870117394.8243335379619716303
3041186085448134897201.3307897453810246312
3041244493688341290539.7831243185612595207
3041305593434818446082.8796771822482280483
3041365143777475050996.5277594069981188159
3041418949272606948682.6409070499263917841
3041463161267771168646.5491023246296878638
3041494561779956233072.7066186321957136110
3041510809209322595368.4097401150290569958
3041510626645518968720.1210515501186198716
3041493916505740661858.7349642860071363920
3041461789732941021767.9501886380632931832
3041416503639178588346.3936530117730345725
3041361309395980838024.3455149858913057899
3041300217666544685909.3510815051242269932
3041237698298723396443.2932764230852881533
3041178336597255652540.2062966688131206749
3041126473684687681994.6392137521115556917
3041085861139592937552.0687376997790789816
3041059359963543362863.1814683315878521123
3041048710774592853890.1922678245846574890
3041054396126585330962.6741713884368670481
3041075607564324824505.0692597653759569876
3041110320323743808785.8427984492938466456
3041155468559970719110.1120570508079368028
3041207204769153227583.9031465758078659352
3041261219676320677975.0440284516486474009
3041313094040971782291.0337139211750927794
3041358651975937058243.6153850040773983261
3041394286489312498295.5481539022055516100
3041417231701298202293.6083148580357255577
3041425761953432514413.4645481055688296765
3041419305065170746120.2248351789278503760
3041398464519032962075.5647517020328393876
3041364952655338898423.6279282618198488782
3041321443452050175672.6493522131354470587
3041271358746990006971.0043866001112099845
3041218605596732504545.8344883022241766889
3041167284783367294611.9701778519199765097
3041121391325828151381.5594578292832438608
3041084527361862642093.5782668692500810713
3041059646126571148043.3831007229013321853
3041048843172422406525.5468222695189526396
3041053207663771963218.9744015280227822174
3041072742735356541164.0390055329601552520
3041106359712808101125.2862924509020974334
3041151946623754458130.1329487912866325895
3041206507041921498235.5960823203695172857
3041266361064396360878.2895789995687810088
3041327396291476078161.5049752973006229484
3041385353240110174792.0009031947493633767
3041436126872250850095.9678943558592679939
3041476064067276500725.0488395520178404129
3041502236123799946304.6892298905562666972
3041512665934301218015.2783117850934077707
3041506491485242083930.5444774858840105081
3041484050865687501865.9036363626353487708
3041446878972456553339.6211253179981067589
3041397612382070697879.6492423025522835976
3041339806048482425457.9219222559547401969
3041277673035207433817.5377906132512577935
3041215765708808561755.3287753892115864046
3041158622930652840402.0750811558743524241
3041110412017113244535.3451476956821757036
3041074595949580773659.0610912367025243958
3041053655098980899109.9861398126205738445
3041048888513271023687.2865459159441217723
3041060312912027725803.2010344362029220466
3041086668620567690491.2727837577230299701
3041125531727013108693.3197562762843175077
3041173521882455458264.1423670975579232442
3041226586497039015608.6152552072403808195
3041280335546939706450.3175013642763196014
3041330397427152717223.3556767838566000492
3041372765515265396418.6975270769730065381
3041404107225357987621.2775133439211132036
3041422011880291810665.8467053926435432386
3041425160043929940030.8155555789134327942
3041413404256418301731.1699453102978470794
3041387758636886579300.7005296229776290852
3041350301886410870793.8738600331134479805
3041304004320301445552.3740321806227512148
3041252494339263890777.3153672249879036085
3041199783041122106874.1950797728352338388
3041149967451963098420.6469469971928866723
3041106933201912317530.8656304926347533261
3041074076543836422647.5263741269636784448
3041054063610538546410.8726231592918863044
3041048641938540391596.3316918104807736024
3041058515761432971083.4276482838642806636
3041083292586853819702.4681702790455059932
3041121504296770935255.9389478133336152930
3041170701616923967701.1584741303418281361
3041227616448143023733.0828090941213605464
3041288382402085586359.3312415094234043692
3041348800108507518054.5262812093820587499
3041404630646893674161.6175926383824897734
3041451898003699604821.6457436478958092238
3041487179978749020533.5367102896376364842
3041507866667751697547.4307634004827636111
3041512366713705477680.5999356383184312068
3041500244073057446742.7005763107963001739
3041472272115398157401.1597728162322907576
3041430397370941970375.5245458031725457187
3041377611900099762735.6407180722799844392
3041317740649263148430.4003030520718227153
3041255157673268666939.6094221941740708630
3041194452016280876005.8922976272018706149
3041140069562936145354.7545569672002715039
3041095960562621730630.2621209489566757312
3041065263219668424126.2624289108898488298
3041050051436303802910.3275489538972118160
3041051169556813200849.0238242313563738946
3041068169239773713655.7895402756257189631
3041099354177751823369.9464594042293468248
3041141928333353873429.1271943763406912740
3041192233805199824567.7732852922583667181
3041246056441583296016.6197874391605912213
3041298971719284363958.9526869844353572441
3041346700698116005670.9862227328965073712
3041385446161533555564.4131609247836698625
3041412182108423831088.9753616439116181594
3041424875029592925942.3830414912995213854
3041422622162102400880.7938555586530883675
3041405699380187227466.0558096102754027134
3041375518810298485721.3250107732372023721
3041334503027675478596.0854080185112456802
3041285888345489132418.8112082528341457252
3041233473964769440749.7033844539838030416
3041181336497489600736.9632830302425944497
3041133530623834429821.3750385949644401748
3041093796512564298750.5469596554367238725
3041065293295922413418.0152587858474121001
3041050375552646085340.5258015327358626653
3041050426625556164760.4667719226886580204
3041065758886907954095.7651742475698142064
3041095586953397282880.9232316281355949945
3041138075516766733998.5916474932406662935
3041190459058382642550.5510345064215209181
3041249226416928912277.0244388453370771123
3041310359142400372602.4880759591443586303
3041369608973528484507.9026345368282427354
3041422796811694317113.1533227714186586404
3041466113438327570972.0946355029110073054
3041496401146501838866.8467915438094462545
3041511395631827908906.9408691815325466836
3041509909077697108514.5388307078816543508
3041491938471484361507.7426910016151003192
3041458687791497880728.2632116461649818009
3041412498657261385337.2819871340005802812
3041356691017346212825.5778944997085499994
3041295322961597748505.3517421709472508220
3041232886132465676879.1944724977891840622
3041173959711853930583.6230582913930162614
3041122850793702941454.7348871731179718460
3041083251426369391211.0508641715375838008
3041057942238633491405.3079330219792754734
3041048569175879558432.6411166923201872046
3041055513670799300180.0415401893836901793
3041077868138129387981.7353632071558374464
3041113518915790304425.1268408842799679089
3041159328771462551756.4164906079430496188
3041211401985208535107.3505590049759754768
3041265407803495027243.8818659316828947293
3041316933461972381738.1761581040712911826
3041361836355080701412.4120174201861242006
3041396566266561307670.7345003523551946591
3041418432499579205126.8168169083855427265
3041425796638413160518.8965642749817744310
3041418178777214233020.7530026871854517759
3041396272584249674459.3644835175338364654
3041361871825664200313.9531993678833949830
3041317717384865006530.2572421345104488578
3041267278988630749545.0979599261204407312
3041214489570137991662.6838087947308943630
3041163452397893593899.5326142082502628505
3041118141834867385190.5764303796058965834
3041082118004491004483.4351441055688502522
3041058273918859700634.6653663653729577782
3041048630978848042716.0867487903829083417
3041054195395426542311.8962494387453725189
3041074884204303859808.0477743002322800146
3041109525334707247728.8124548756587288552
