-2648474413079918180346311810426395.84894714248812071739
-2648531321554148468941219972209406.57808663273089460417
-2648503263057276133004917166123817.53466386743820738235
-2648475211772503509548652045186130.33548791729909715937
-2648532120663348494414454484642940.08961437011789085418
-2648504062030811714014075597451270.76316186905562586769
-2648476010474798211680252870341702.19553158248004341354
-2648532919774426234356750200818774.67125273964949642568
-2648504861010086434049871577744782.16857728970714287766
-2648476809186692378882109913262417.33761098018619944524
-2648533718887271717741990660149134.85317004910958794351
-2648505659994990337652678151710652.33194134965106109839
-2648477607908076102095199804157854.73729741136155902626
-2648534518001774973037121622979469.83323168815804375127
-2648506458985413468392963635113679.62198811182042875593
-2648478406638839469960018692702571.34693523109332645801
-2648535317117826029568921489025450.47235603727630416023
-2648507257981245868716203740493803.62032163084814503796
-2648479205378872569051090043536535.97584192386342589017
-2648536116235314915833812911376999.41455333632012972941
-2648508056982377580502090425917125.31977428269328932400
-2648480004128065485875214695937240.26733057417521512999
-2648536915354131661344859625526896.41453783388295769322
-2648508855988698643953548152756199.42852497083179454788
-2648480802886308302839413854859980.01954467378263406397
-2648537714474166294773897947535900.13308014605924562952
-2648509655000099100562416338104504.96083022183748443220
-2648481601653491102860073208905324.77102941782093446752
-2648538513595308845835293120637746.14693033060870612657
-2648510454016468989234473374528590.55706175503725263279
-2648482400429503966249536366772203.08582277679907339168
-2648539312717449343595421722603886.28713882226319766956
-2648511253037698348131702742792513.93876020691686638978
-2648483199214236971620303352523798.75751725032969899405
-2648540111840477817962152431700567.84046869196800001722
-2648512052063677216346957594161262.56898850181598820851
-2648483998007580196848195591758730.99621915737433351900
-2648540910964284299117413588287219.33166193321208393018
-2648512851094295630765266118853371.01517526664726992968
-2648484796809423717205184082715391.88007781058677837527
-2648541710088758816250079920308966.71289060878767230958
-2648513650129443628292573899037606.89118843256506930987
-2648485595619657607226442532974111.68419594993533463807
-2648542509213791400328584472666505.83359456993940452734
-2648514449169011244744183342506477.00722016826926816079
-2648486394438171939244489924649590.78198651850295785261
-2648543308339272082015879272612190.07814246342584708442
-2648515248212888515760408813273262.08425327619063066117
-2648487193264856785044268030321465.65682797215554890632
-2648544107465090891569635736063230.06411631059992344343
-2648516047260965476672737296411816.80068976491731675016
-2648487992099602214054690537655752.80144788087064722558
-2648544906591137861183571486004813.61407939453502650636
-2648516846313132161879806440466851.88047935072001145568
-2648488790942298294951884419092745.70463133536849251343
-2648545705717303021852767689371285.15590003462888905668
-2648517645369278604917838877145166.58958171142783024247
-2648489589792835095018111201798476.87579209931568664006
-2648546504843476406175406572700344.95350490262769543940
-2648518444429294839703618772420085.91856431869769842234
-2648490388651102679316062889603922.98666954894921796079
-2648547303969548045545569130156440.00697786160620243928
-2648519243493070898555312173205112.82544171223090406339
-2648491187516991112060154390528511.96177472447632278636
-2648548103095407974063283722950661.50609106004037767595
-2648520042560496814573298885931820.70251717049115998022
-2648491986390390457147861019256671.11213100291173903934
-2648548902220946224458553076772170.90570320415012327422
-2648520841631462619594370308607513.97758604092720206539
-2648492785271190775395049313379795.21092446776244874973
-2648549701346052830301595614838658.03606229034916151444
-2648521640705858345712656448271982.63692226715494886393
-2648493584159282128064936816790358.86261270052646742151
-2648550500470617826200488359495829.69738687657975453553
-2648522439783574023955418481783985.82609414811287026173
-2648494383054554573519487399846441.26205254226977623295
-2648551299594531247232664040853717.14785892325436650574
-2648523238864499685045130509954929.67874112481498504412
-2648495181956898170230876558897821.95117519241267309959
-2648552098717683128413252631746312.79030389318965738275
-2648524037948525359934886348620886.21397540520503367859
-2648495980866202974322006958647460.73406467088346432878
-2648552897839963505941871833791956.83353156511325594921
-2648524837035541079476602047653408.10973588824486492273
-2648496779782359042410288632346909.43492718104179891235
-2648553696961262416715114325434947.59713994043848931850
-2648525636125436873096478720193453.81667126073241359487
-2648497578705256428418842562797104.21236154682114080050
-2648554496081469897531120930839027.21874144517784279729
-2648526435218102771394379972982855.32108567709005311690
-2648498377634785185843728107446917.99225671125267773913
-2648555295200475986592258853376685.86541483394262167038
-2648527234313428803587437815980751.30442593978333033483
-2648499176570835366607044769286081.30363236138906545754
-2648471126733768034194888807149713.19953098959138278952
-2648528033411304999116606461672929.18186102101521519009
-2648499975513297022200746237079072.90888750977728004056
-2648471925385244818175815779842043.72841521603892031678
-2648528832511621387518893033885452.71367176932726122658
-2648500774462060202758776987897448.51025259599013379617