-0.057520441441295574932
-0.058659063265218260774
-0.058154219274121774117
-0.057649375271587809159
-0.058787997088167054845
-0.058283153100938347955
-0.057778309101259250994
-0.058916930909844715821
-0.058412086926768847359
-0.057907242930229677403
-0.057402398923826427526
-0.058541020751533049635
-0.058036176758418865683
-0.057531332754427689786
-0.058669954575150732312
-0.058165110585746593158
-0.057660266584452550165
-0.058798888397541672344
-0.058294044412132636841
-0.057789200413820785856
-0.058927822218625647364
-0.058422978237496774227
-0.057918134242452174465
-0.057413290237091069199
-0.058551912061758782978
-0.058047068070266493169
-0.057542224067444785629
-0.058680845884838439652
-0.058176001897183518542
-0.057671157897186268150
-0.058809779706655521923
-0.058304935723123028336
-0.057800091726235293936
-0.057295247719591540443
-0.058433869548004799342
-0.057929025554511639855
-0.057424181550249549152
-0.058562803371748608917
-0.058057959381935083193
-0.057553115380339714358
-0.058691737194274234272
-0.058186893208425401158
-0.057682049209781813380
-0.058820671015501453033
-0.058315827033902371249
-0.057810983038495623341
-0.057306139032880430719
-0.058444760858285770379
-0.057939916866400921446
-0.057435072863294715634
-0.058573694681495376011
-0.058068850693417484727
-0.057564006693105324834
-0.058702628503450965254
-0.058197784519465090360
-0.057692940522232035307
-0.057188096515351022055
-0.058326718344463515635
-0.057821874350594624672
-0.057317030346064863311
-0.058455652168332538397
-0.057950808178112870301
-0.057445964176219419987
-0.058584585990991935839
-0.058079742004706549519
-0.057574898005734469138
-0.058713519812361485121
-0.058208675830295438995
-0.057703831834529787522
-0.057198987828663752114
-0.058337609654799316062
-0.057832765662525152383
-0.057327921659137692649
-0.058466543478137957727
-0.057961699489640340718
-0.057456855489016515917
-0.058595477300231141692
-0.058090633315795130094
-0.057585789318219999288
-0.057080945311104971064
-0.058219567140909297889
-0.057714723146667919962
-0.057209879141873732396
-0.058348500964902621087
-0.057843656974280054909
-0.057338812972091767139
-0.058477434787694876893
-0.057972590800976181186
-0.057467746801678852242
-0.058606368609205842597
-0.058101524626676076212
-0.057596680630554765160
-0.057091836624441130958
-0.058230458451299517205
-0.057725614458639282976
-0.057220770454973813538
-0.058359392274766281556
-0.057854548285852183129
-0.057349704284919937688
-0.058488326096996146864
-0.057983482112113242819
-0.057478638114199280161
-0.058617259917908889867
-0.058112415937342238921
-0.057607571942731618187
-0.057102727937676248643
-0.058241349761458949093
-0.057736505770436729117
-0.057231661767956848382
-0.058370283584383150480
-0.057865439597234390122
-0.057360595597615057351
-0.058499217406034620647
-0.057994373423044378697
-0.057489529426570652874
-0.056984685420212664666
-0.058123307247786471876
-0.057618463254743411871
-0.057113619250803177378
-0.058252241071380446772
-0.057747397082053111443
-0.057242553080815689813
-0.058381174893746080794
-0.057876330908419528878
-0.057371486910169979098
-0.058510108714803151191
-0.058005264733762441428
-0.057500420738785822445
-0.056995576733472515355
-0.058134198558001626003
-0.057629354566582996804
-0.057124510563814767645
-0.058263132381056860406
-0.057758288393481279682
-0.057253444393543187221
-0.058392066202847921570
-0.057887222219400448253
-0.057382378222577551722
-0.056877534215978453696
-0.058016156044260279882
-0.057511312050837638182
-0.057006468046625882819
-0.058145089867980551691
-0.057640245878243223605
-0.057135401876703870151
-0.058274023690481041217
-0.057769179704714085743
-0.057264335706132193067
-0.058402957511681525651
-0.057898113530170001255
-0.057393269534830628367
-0.056888425529262628191
-0.058027047354530747211
-0.057522203362718952862
-0.057017359359665619288
-0.058155981177716100842
-0.057651137189716944097
-0.057146293189463336430
-0.058284914999645840064
-0.057780071015744379720
-0.057275227018575556897
-0.056770383011738593408
-0.057909004840721036858
-0.057404160846922057795
-0.056899316842442025937
-0.058037938664566692652
-0.057533094674422616297
-0.057028250672584575210
-0.058166872487201124492
-0.057662028500997009662
-0.057157184502086018427
-0.058295806308544109871
-0.057790962326565015340
-0.057286118330866133063
-0.056781274325046684359
-0.057919896151046410317
-0.057415052158844695637
-0.056910208155509502425
-0.058048829974360971375
-0.057543985985941483246
-0.057039141985375604884
-0.058177763796428476410
-0.057672919812076273618
-0.057168075814564769111
-0.056663231807493184740
-0.057801853637168843961
-0.057297009642996772252
-0.056792165638251708439
-0.057930787461138971322
-0.057425943470591391170
-0.056921099468457906969
-0.058059721283906432816
-0.057554877297268403029
-0.057050033298031557617
-0.058188655105391005986
-0.057683811122947585417
-0.057178967126892437840
-0.056674123120824784665
-0.057812744947548715610
-0.057307900954960324746
-0.056803056951346516287
-0.057941678770991570879
-0.057436834782154995675
-0.056931990781280090949
-0.058070612593195928444
-0.057565768608396227479
-0.057060924610545285501
-0.058199546414081565621
-0.057694702433603797626
-0.057189858439061877449
-0.056685014434055026038
-0.057823636257697483484
-0.057318792266749643890
-0.056813948264323961148
-0.057952570080597062132
-0.057447726093528362042
-0.056942882093968907055
-0.058081503902222311078
-0.057576659919317809352
-0.057071815922909641278
-0.056566971916597028417
-0.057705593744037762914
-0.057200749751065940483
-0.056695905747176761178
-0.057834527567607999740
-0.057329683578357581765
-0.056824839577176895121
-0.057963461389948297031
-0.057458617404704342258
-0.056953773406517207241
-0.058092395210978432147
-0.057587551230025999502
-0.057082707235117475220
-0.056577863229852080454
-0.057716485054242330564
-0.057211641062897475764
-0.056706797060182838594
-0.057845418877273112679
-0.057340574889776986300
-0.056835730889898165825
-0.057974352699038123374
-0.057469508715675784145
-0.056964664718917839267
-0.056459820712363510468
-0.057598442540513646195
-0.057093598547161635911
-0.056588754543000329574
-0.057727376364210349895
-0.057222532374549333184
-0.056717688373066108556
-0.057856310186685672899
-0.057351466201000708607
-0.056846622202480624658
-0.057985244007859392393
-0.057480400026435539009
-0.056975556031163654784
-0.056470712025642960889
-0.057609333850773601757
-0.057104489859034976060
-0.056599645856034628707
-0.057738267673934674144
-0.057233423686014365956
-0.056728579685819424336
-0.057867201495838533672
-0.057362357512021601683
-0.056857513514917124754
-0.056352669508124324712
-0.057491291336976460371
-0.056986447343247507121
-0.056481603338817318550
-0.057620225160798719204
-0.057115381170730348433
-0.056610537168947830475
-0.057749158983408155543
-0.057244314997285426040
-0.056739470998435637781
-0.057878092804724546817
-0.057373248822832517334
-0.056868404827200517629
-0.056363560821427769083
-0.057502182647291399192
-0.056997338655162247087
-0.056492494651879434139
-0.057631116470581849324
-0.057126272482240603672
-0.056621428481732785432
-0.057760050292623645026
-0.057255206308355364673
-0.056750362310907600147
-0.056245518303879573270
-0.057384140133426307109
-0.056879296139323655276
-0.056374452134627828930
-0.057513073957373208452
-0.057008229966900728017
-0.056503385964822161210
-0.057642007780115845669
-0.057137163793558595695
-0.056632319794382347662
-0.057770941601573996507
-0.057266097619217035515
-0.056761253623228164992
-0.056256409617206606386
-0.057395031443795824145
-0.056890187451279390062
-0.056385343447717355812
-0.057523965267214738940
-0.057019121278455800177
-0.056514277277638349490
-0.057652899089393557428
-0.057148055104677172818
-0.056643211106889364722
-0.057781832910252056968
-0.057276988929863285055
-0.056772144935390178373
-0.056267300930431958037
-0.057405922753933914028
-0.056901078763060567889
-0.056396234760689196146
-0.057534856576808837592
-0.057030012589820310699
-0.056525168590320846356
-0.057663790398407832507
-0.057158946415589183642
-0.056654102419246685997
-0.056149258412979561100
-0.057520441441295574932
-0.057520441441295574932
-0.0575204414412955749241157785221
-0.00575186620474585263943965311560
-0.00575186620474585263943965311560
-0.00575186620474585263943965311560
-1.43202233824614286706946115122
-1.41858623290478501787795743117
-1.40513485475024728913948917667
-1.39166559938362432760568156555
-1.37817588430870328695056982997
-1.36466315199727635578375656925
-1.35112487288455014556436271795
-1.15208015624242604161946474150
-1.13864743920537572927944899319
-1.12520009944051253092647886965
-1.11173552759005039129870480420
-1.09825113542743651275280994992
-1.08474435893877445767917166475
-1.07121266133634568016510052436
-0.872137233751287702047044718734
-0.858707742829827173235641951489
-0.845264280376613055197296951021
-0.831804232268901668001194764270
-0.818325004740041365764695595735
-0.804824027476495213313049090619
-0.791298756648985948855709427836
-0.592193611217168434578786325174
-0.578767183977086316674272545773
-0.565327437463313197112698036743
-0.551871752982904017797093089051
-0.538397531420312675579244061390
-0.524902196349498125384512391737
-0.511383197082198295279575802328
-0.312249329137865436153877380364
-0.298825802911666951287421875913
-0.285389610682968049502203566432
-0.00575186620474585263943965311560
-0.569871092908780717966456766680
-0.560030406491809984219318389189
-0.568026276585616153024451157984
-0.558185584949861596102889806958
-0.569871092908780717966456766680
-0.560030406491809984219318389189
-0.569871092908780717966456766680
-0.569871092908780717966456766680
-0.560030406491809984219318389189
-0.568026276585616153024451157984
-0.558185584949861596102889806958
-0.569871092908780717966456766680
-0.560030406491809984219318389189
-0.569871092908780717966456766680
-0.569871092908780717966456766680
-0.560030406491809984219318389189
-0.568026276585616153024451157984
-0.558185584949861596102889806958
-0.00575186620474585263943965311560
-0.00575186620474585263943965311560
-0.00575186620474585263943965311560
-0.00494391320808849459350425754858
-0.00494391320808849459350425754858
-0.499669141291778106084641172058
-0.513890816993193998426105243113
-0.510241596899594200238514679490
-0.506592368711826990905380954425
-0.502943133627822791336284053590
-0.499293892845596208933274709776
-0.513515549043172102388414928992
-0.509866334504296223793678749022
-0.506217111136867475705354337125
-0.502567880138757434998330914259
-0.498918642707930829972387978313
-0.495269400042430917372591504734
-0.509491068790577647791784981992
-0.505841850693735751008195757529
-0.499669141291778106084641172058
-0.513890816993193998426105243119
-0.510241596899594200238514679498
-0.506592368711826990905380954439
-0.502943133627822791336284053613
-0.499293892845596208933274709818
-0.513515549043172102388414929046
-0.509866334504296223793678749095
-0.506217111136867475705354337199
-0.502567880138757434998330914336
-0.498918642707930829972387978419
-0.495269400042430917372591504885
-0.509491068790577647791784982164
-0.505841850693735751008195757761
-0.502192624231803272405151914506
-0.498543390602689564784948586845
-0.499669141291778106084641172058
-0.513890816993193998426105243119
-0.510241596899594200238514679498
-0.506592368711826990905380954439
-0.502943133627822791336284053613
-0.499293892845596208933274709818
-0.513515549043172102388414929046
-0.00000638377863893130193901401583426
-0.00000638377863893130193901401583426
-0.499669141291778106084641168842
-0.513890816993193998426105198043
-0.499669141291778106084641168842
-0.513890816993193998426105198043
-0.510241596899594200238514592669
-0.499669141291778106084641168842
-0.513890816993193998426105198043
-0.510241596899594200238514592669
-0.506592368711826990905380825857
-1.56468414201353384198839257384
-1.50791479805244053385490839691
-1.45113962138523923424743053563
-1.39435886038083465437378119997
-1.33757276483325543468729060964
-1.28078158590126492324895043186
-0.0551576236576767962083101443861
-0.0547098389404885680693246772016
-0.0560413592479306681496722399158
-0.0555935745551705767217528917566
-0.0551576236576767962083101443861
-0.0551576236576767962083101443861
-0.0551576236576767962083101443861
-0.0547098389404885680693246772016
-0.0551576236576767962083101443861
0.0891869997095689053136223706671
0.119788890700247992303879115309
0.0520699637835100091487964049659
0.0827503376218070689788569242592
-0.0551576236576767962083101443861
3.01315496058471113076418925980
2.96569598878478873453951423648
3.13160087686563373535323684586
3.13556074143720993000789585232
3.13952068301527438182824244530
3.13290871063930057621812637355
-0.0551576236576767962083101443861
-0.0551576236576767962083101443861
-0.0551576236576767962083101443861
-0.0551576236576767962083101443861
-0.0551576236576767962083101443861
-0.0551576236576767962083101443861
-0.0551576236576767962083101443861
-0.0551576236576767962083101443861
-0.0551576236576767962083101443861
-0.0551576236576767962083101443861
-0.0551576236576767962083101443861
-0.0551576236576767962083101443861
0.0551576236576767962083101443851
0.0551576236576767962083101443851
0.0547098389404885680693246772006
0.0551576236576767962083101443851
0.0551576236576767962083101443851
0.0551576236576767962083101443851
0.0551576236576767962083101443851
0.0547098389404885680693246772006
0.0551576236576767962083101443851
0.0551576236576767962083101443851
0.0547098389404885680693246772006
0.0551576236576767962083101443851
0.0551576236576767962083101443851
0.0551576236576767962083101443851
0.0551576236576767962083101443851
0.0547098389404885680693246772006
0.0551576236576767962083101443851
0.0551576236576767962083101443851
0.0551576236576767962083101443851
0.0551576236576767962083101443851
0.055157623657676796202
0.054709838940488567932
0.055157623657676796202
0.055157623657676796202
0.055157623657676796202
0.055157623657676796202
0.054709838940488567932
0.055157623657676796202
0.055157623657676796202
0.054709838940488567932
0.056041359247930667703
0.055593574555170575801
1.4268092024129502121
1.3879143427158729185
1.3490160248304634930
1.3101145416313100339
1.2712101869336630866
1.2323032554071938170
1.1933940424891844636
1.1544828442972077845
1.2622917525249149056
1.2234098039379973633
0.0060147703691055751431
0.0059844749208976709990
0.0016039361868299555315
0.0032078735579385538461
0.0033148315236322086604
0.0028871438269466793134
0.0032078735579385538461
1.1727700684134532008
1.2027577040816506570
1.1584373222694446882
1.1884248334402133518
1.1441045748190336635
0.055157623657676796202
0.054709838940488567932
0.055157623657676796202
0.055157623657676796202
0.055157623657676796202
0.055157623657676796202
0.054709838940488567932
0.055157623657676796202
0.055157623657676796202
0.055157623657676796202
0.055157623657676796202
0.055157623657676796202
0.055157623657676796202
0.055157623657676796202
0.054709838940488567932
0.056041359247930667703
0.055593574555170575801
0.055157623657676796202
0.055157623657676796202
0.055157623657676796202
0.054709838940488567932
0.056041359247930667703
0.055157623657676796202
0.054709838940488567932
0.056041359247930667703
0.055593574555170575801
0.055145789848843469321
0.054698005131797313048
0.056029525438678442537
0.055581740746148356731
0.055133956040007623607
0.054686171323104207803
0.000080196799497168765165
0.000080196799497168765165
0.000080196799497168765165
0.000080196799497168765165
0.000035585964758078702018
0.0035586002159455634284
0.0017792987052816561725
0.00035585965128390183583
0.00035585965128390183583
0.00035585965128390183583
0.00037659045228717914923
0.49966914129177810608
0.49966914129177810608
0.49966914129177810608
0.51389081699319399829
0.49966914129177810608
0.49966914129177810608
0.49966914129177810608
0.49966914129177810608
0.51389081699319399829
0.49966914129177810608
0.49966914129177810608
0.51389081699319399829
0.49966914129177810608
0.51389081699319399829
0.49966914129177810608
0.51389081699319399829
0.49966914129177810608
0.51389081699319399829
0.51024159689959419957
0.49966914129177810608
0.49966914129177810608
0.51389081699319399829
0.51024159689959419957
0.055157623657676796202
0.055157623657676796202
0.055157623657676796202
0.055157623657676796202
0.055157623657676796202
0.49966914129177810608
0.22073654243404616978
0.055157623657676796202
0.055157623657676796202
0.055157623657676796202
0.055157623657676796202
0.055157623657676796202
0.055157623657676796202
0.054709838940488567932
0.055157623657676796202
0.055157623657676796202
0.055157623657676796202
0.055157623657676796202
0.054709838940488567932
0.056041359247930667703
0.055593574555170575801
0.055145789848843469321
0.054698005131797313048
0.056029525438678442537
0.000035585964758078702018
0.00071171932501092149636
0.0028468790954905993054
0.010675890418324336174
0.010675890418324336174
0.010675890418324336174
0.010016434082589661119
0.010675890418324336174
0.010675890418324336174
0.010016434082589661119
0.0093569772831753735406
0.012256151332547374254
