-2643399885589747513198920968663664.40849999501186619198
-2643106419333408204700895939798038.95709937759276463253
-2643395982211359701414282794229828.11544740217538392685
-2643102523043307331682230921817997.33301580633586452655
-2643392078880299286702692585047254.89654780126491923039
-2643098626895526205921655755639639.51454311278388364738
-2643388175597829924386005229413793.56929608984663460042
-2643094730891325497220758618590335.55959495883991818991
-2643384272365215258059334933287405.74587328986342373647
-2643090835031965806478251055996036.62532371478949196845
-2643380369183718920882890122902942.59039836450410179203
-2643086939318707664038852066225624.63845382733512455582
-2643376466054604533618505481762426.12632785305894961470
-2643083043752811530506489409534796.99199254035781108135
-2643372562979135703180968793825130.21749717361934563279
-2643079148335537793991750221413062.24563253725265841479
-2643368659958576022666369774492338.28340875897411324511
-2643075253068146770538252558599933.06467121399754422909
-2643364756994189071243500473566464.81483694340185185725
-2643071357951898703227316899217554.66755165169715597986
-2643360854087238411193998964346018.56983334463878671782
-2643067462988053761343033505117641.78500502142222877633
-2643356951238987590240727998342144.45187063660493932879
-2643063568177872038620073780220487.15330160732808011175
-2643353048450700137545849250797419.19672148048886565311
-2643642866120024355797252548376367.97232790987560130827
-2643349145723639564840739342962311.60227714499499902469
-2643638962282765838576059132764719.00043811416421273943
-2643345243059069365588139293671815.22691158692467095449
-2643635058414198054140901510808431.87540685653881565072
-2643341340458253013788178113860233.74658932006052908808
-2643631154515583803352040425309654.96252321064810138311
-2643337437922453963223881519444233.54121552286290982791
-2643627250588185924185400748928412.58603441754082408328
-2643333535452935646729530942009531.76091368860508670766
-2643623346633267291169192287444122.10889554497200204867
-2643329633050961475322062646260068.01316768736537146798
-2643619442652090816410514157533002.19211255024171653865
-2643325730717794837057423333004121.49169053686207131291
-2643615538645919444304474500917350.73116015448776862243
-2643321828454699097674401715251451.16414805719759063176
-2643611634616016157044073233906774.72483625884092521618
-2643317926262937598669162761836791.06304290372743586097
-2643607730563643968387721467574252.29254349534804653533
-2643314024143773655887973069231666.64859660879908805133
-2643603826490065924886787190360122.44367851805511277739
-2643310122098470560988398850287805.89328169750411194122
-2643599922396545105825611689882914.71395644593964032539
-2643306220128291577535790045459823.56262924443679392231
-2643596018284344621410759526973439.11469557996630318786
-2643302318234499943472386266218895.21098466851140491434
-2643592114154727613286321008914005.24049664567945193419
-2643298416418358867861077487934924.62184005392604729195
-2643588210008957251201728682866279.92132432122014049671
-2643294514681131530811421575488048.33037538724861367773
-2643584305848296735497148198497425.68115243684962766798
-2643290613024081084362272515279372.77309514384163588294
-2643580401674009293036175552852435.40556977112011924069
-2643286711448470648726784275189241.07596441779641161239
-2643576497487358179812319924743323.69229389796712121708
-2643282809955563313985483025163034.97491645056795044004
-2643572593289606677024368741964486.60694376549769551400
-2643278908546622137856258531734180.49401541644911921861
-2643568689082018093111071462325649.36239631506165534184
-2643275007222910146050882675518597.01151761615249433464
-2643564784865855760044545681727655.26649039816522725808
-2643271105985690330175207425782991.03384875299564574136
-2643560880642383035642294479053580.79639091953150300118
-2643267204836225648316283141162299.31789764002131046800
-2643556976412863299784226515803838.85777288427241112590
-2643263303775779023530429839583379.25101993369299998199
-2643553072178559956459864582699564.93038466626981310930
-2643259402805613342673786720007196.66939729946252981687
-2643549167940736430573213977311468.65375545008240028260
-2643255501926991456970116652960273.69683599941887675487
-2643545263700656169787974996005666.26464847860156129636
-2643251601141176179727366393641375.51548053333234239115
-2643541359459582639785832708308676.14781965833834510150
-2643247700449430285926207012992976.51724334953119359336
-2643537455218779327476825518688862.69934470473662678005
-2643243799853016512806167576089987.11515027709344581159
-2643533550979509739471820514511004.21599188828789634535
-2643239899353197557142878729063079.47440503920914116412
-2643529646743037398258498566169691.27388959637827142980
-2643235998951236075472417361245630.20785035263217898095
-2643525742510625845009996204998871.95598743285160905211
-2643232098648394683818114075354406.46950640864054594730
-2643521838283538637655638888943897.45833650390495275349
-2643228198445935954863948542880985.13722263209787721321
-2643517934063039348814740466364514.99750413034778276946
-2643224298345122420353470431947645.34439251939266065551
-2643514029850391567413656328712278.49045844873234640458
-2643220398347216567124113878480512.78019376478198830074
-2643510125646858895430250975726110.16075335675291983715
-2643216498453480839094156629184990.63732738584967691960
-2643506221453704948854728447585941.57327921246752867073
-2643212598665177633674908177205933.88439720437691438185
-2643502317272193356501193674902747.88213725110543300762
-2643208698983569303210970337149141.86668129440760900089
-2643498413103587758741578322253413.53349251829069789311
