-2650199697893816324830806826681124.35809185197326641464
-2650199697893816324830806826681124.35809185197326641464
-2650199732668294843510468808109513.54720667840089293436
-2650199627812130428743618835096103.00328679179492262389
-2650199662586579381048484421091435.75136477431621332197
-2650199697361046924656985399316936.58902826875508670428
-2650199732135525337264608406905454.48382602842133391446
-2650199627279361602655896784343974.41735743956713532324
-2650199662053810210025492826009670.69874365018370131832
-2650199696828277527127308396069225.76379428169316556605
-2650199731602755831449212621570731.55366270327042896371
-2650199626746592783065695295927581.89033560260318510302
