1.1727700684134532008
1.2027577040816506570
1.1584373222694446882
1.1884248334402133518
1.1441045748190336635
1.1740919607869480353
1.1297718260528241125
1.1597590861125027066
1.1154390759614204838
1.1454262094075260717
1.1011063245354276899
1.1310933306626675497
1.0867735717654511135
1.1167604498685772776
1.0724408176420966115
1.1024275670159061117
1.0581080621559705147
1.0880946820953056298
1.0437753052976796346
1.0737617950974281392
1.0294425470578312663
1.0594289060129266744
1.0151097874270331896
1.0450960148324550035
1.0007770263958936731
0.95645026966482847437
0.98644426395502147827
0.94211758632141289202
0.97211150009502586240
0.92778490225716102266
0.95777873480651658115
0.91345221746265454333
0.94344596808010389475
0.89911953192847538897
0.92911319990639856884
0.88478684564520575510
0.91478043027601187754
0.87045415860342809930
0.90044765917955560670
0.85612147079372514494
0.88611488660764205569
0.84178878220667988719
0.87178211255088404631
0.82745609283287559537
0.85744933699989492146
0.81312340266289581698
0.84311655994528855025
0.79879071168732437723
0.82878378137767932867
0.78445801989674538611
0.81445100128768218652
0.77012532728174324164
0.80011821966591258962
0.75579263383290263126
0.78578543650298654181
0.74145993954080853712
0.77145265178952058831
0.72712724439604623606
0.75711986551613181962
0.71279454838920130535
0.74278707767343787452
0.69846185151085962699
0.72845428825205694358
0.68412915375160738761
0.71412149724260777209
0.66979645510203108535
0.69978870463570966453
0.65546375555271753244
0.68545591042198248794
0.64113105509425385697
0.67112311459204667161
0.62679835371722750603
0.65679031713652321485
0.61246565141222625122
0.64245751804603368768
0.59813294816983819035
0.62812471731120023630
0.58380024398065175215
0.61379191492264558440
0.56946753883525569808
0.59945911087099303667
0.55513483272423912589
0.58512630514686648417
0.54080212563819147476
0.57079349774089040297
0.52646941756770252399
0.55646068864368986301
0.51213670850336240183
0.54212787784589052709
0.49780399843576158566
0.52779506533811865691
0.48347128735549090589
0.51346225111100111475
0.46913857525314154871
0.49912943515516536599
0.45480586211930506071
0.48479661746123948617
0.44047314794457335227
0.47046379801985216083
0.42614043271953869919
