1501277796757597084636.2465295850537248313
1501276874003421958875.9962485210976191364
1501277976293338459989.5404318685107966299
1501281059366162033051.3014823100280639108
1501286039809498658150.0469771541073576832
1501292796921369090037.0422079252740557811
1501301175345817118772.3386602556292068304
1501310988420333076136.2143300342258858584
1501322022156848302968.1672301559979775551
1501334039764179943551.0772643637657350403
1501346786608476489722.8558655158093194680
1501359995499689799680.0908907472028536474
1501373392186538135059.9617363301818919435
1501386700939887087768.4169039647286101793
1501399650104924463574.5934604687295261560
1501411977505814531484.6823287921765627242
1501423435592479647638.8182371550878131437
1501433796227498566061.4875871940492420929
1501442855021502847055.3282787730071238393
1501450435137529641912.4903604205947230352
1501456390498162023326.7434602406240111634
1501460608343560275984.7899682343610460212
1501463011103268156461.2982806223320399199
1501463557559593647862.1356732364823080990
1501462243295068210574.7354284730164693371
1501459100430671153149.5342265831442258695
1501454196674896307678.9609116578927544317
1501447633716110344599.5195602071516363248
1501439545001824591053.1154923301892499052
1501430092958338547877.9692824388926300930
1501419465712619520153.6052525708027738616
1501407873385204508033.7726602585167019009
1501395544028328918454.1687654002334193716
1501382719287413957919.3950910288746835754
1501369649866519174078.5762644273556394168
1501356590879448347791.9870694596724217339
1501343797167962330790.6322518328842688161
1501331518667090368017.9028220133525451611
1501319995894939268236.1449868850119685656
1501309455640779828071.0531872615435960962
1501300106920646658402.7266477313357725193
1501292137264325318991.6299013920613275313
1501285709391521824733.5271958280017680210
1501280958328313366223.6509777443690154453
1501277989007760792529.8970828466241221852
1501276874390914099778.0664100760623730762
1501277654136448729469.9934319572644797991
1501280333838915962656.5820150955094048626
1501284884847154961824.4093668061132345311
1501291244665874549414.3732151045129570219
1501299317934845697982.2272914889670634647
1501308977971626635941.7083859048269935439
1501320068855347828256.6682474316279885758
1501332408020891952554.2091878933158409062
1501345789324895074386.7027836683885235913
1501359986537453647160.8401031697195093969
1501374757206335809564.2276866847670237482
1501389846833957065886.0436255772051317994
1501404993301486365211.3236161069703311931
1501419931469299171737.7553359621083020765
1501434397878692562965.5224273645393452735
1501448135476428443537.4781535709323465919
1501460898281378966817.0956103194771318330
1501472455911414699519.6948658554918695417
1501482597888796543835.7077503412854413262
1501491137643793085696.9849597481524102066
1501497916139118488167.4680493530375902758
1501502805042126934049.2957643641582995939
1501505709377539856274.5654780447449238739
1501506569600826111001.7610111445550074310
1501505363041174839982.7309610958878556245
1501502104673231275427.2392343595295167336
1501496847188301863006.1543381076516595691
1501489680348428125427.1202998292073264351
1501480729620384977005.1224662936117065380
1501470154101040008183.3533701475343430788
1501458143760333624701.4855657396808549743
1501444916043084497646.3842420526301003655
1501430711885535879883.5348360687317722967
1501415791216656276505.8131638163374270928
1501400428027298492817.4985508279116440127
1501384905102007869761.5082053940179065469
1501369508518169077921.7242163355965092073
1501354522024933609537.2120870761733364576
1501340221419661869130.1225516517622210477
1501326869042186740969.0331085944471815874
1501314708506873263936.4348412101585490493
1501303959789108355414.2001769292545921939
1501294814776494458288.0611803856137447156
1501287433385728425163.5217585401643991572
1501281940334108082278.9627763169718414279
1501278422640106286696.1134003115144449320
1501276927910857424140.4309936927814529743
1501277463456162975826.5589972105500281704
1501279996249251511233.1022978888577136421
1501284453734577778380.0175614973919146144
1501290725462991137960.4737504976823745052
1501298665515221185616.8243265577543144537
1501308095656371827191.9038952808653543319
1501318809147495238526.0721719546848831506
1501330575125783414167.0368975382913216225
1501343143452839612111.9460503568020463604
1501356249921158298445.1184229335041597763
1501369621702537261186.3883995304518196611
1501382982918757222908.9159439104338066874
1501396060214482569331.7386251641327635940
1501408588214859468398.3669286174304986690
1501420314755529168936.2243491329534243436
1501431005780477735777.0518244135171407100
1501440449812994474083.9611867330967810858
1501448461916652954040.2322145595456478406
1501454887076276976421.1201178228620798083
1501459602942913141240.3076828421208965293
1501462521901508017763.7959532461793102803
1501463592434901800293.7366033135564329241
1501462799772547210288.2185974345573749316
1501460165826720928593.0849370646599408955
1501455748432632958905.3295500625331456278
1501449639921518146691.6849141581237554499
1501441965067319675948.0737053661129011597
1501432878457797755168.4207667755349393945
1501422561349712243189.5190349808321062820
1501411218075070530462.1949748483071536929
1501399072071273196951.7372225821139225093
1501386361612333765076.8150937334084742390
1501373335321226798128.1520488130295489572
1501360247544884943591.2895203211039192366
1501347353673492575192.6275953814487196728
1501334905484597282952.3140899564609011958
1501323146590275917822.9542049511760279967
1501312308062250464673.7169437851651859252
1501302604305554828448.1275178894185014401
1501294229246211237640.7149008514456015671
1501287352892487470740.6837757715202754101
1501282118322773702199.7192271233638585067
1501278639146036902427.0593002702129000568
1501276997473273675588.4185365894988762631
1501277242430477210453.2669106066997747151
1501279389235444727363.3761929244252957884
1501283418852359115988.1698637291354365031
1501289278229560435772.2710821432482878319
1501296881117355965790.2829225869011772766
1501306109454177238051.6659408967139960179
1501316815300955051934.5091513665388651855
1501328823295326350273.2414221298352593241
1501341933589289929006.4485803490817871527
1501355925226274345449.9712129397091698839
1501370559906358013068.2671961090786670743
1501385586081679455913.4210729851137405229
1501400743317990438262.9530033420601854569
1501415766852935518206.3073727240328369737
1501430392277091025040.7996620936792937601
1501444360260169008762.5243081036181206075
1501457421242192039977.1640779088412480298
1501469340007975420232.1640304388847424697
1501479900063011988402.0784006108647600655
1501488907729930468570.6232812431070896739
1501496195887168053914.6276414402833878917
1501501627275421830188.5910630378376455427
1501505097302860501473.9114171695926120346
1501506536287000271780.6136789082432223026
1501505911079558211166.5534823452871110436
1501503226030438986248.6032931158946867624
1501498523258192897875.8898996250461446647
1501491882206668476034.5835770188698028176
1501483418480990481662.0719845435321572031
1501473281970197903769.2241015995131975348
1501461654278606319681.8760088936769110260
1501448745502904014533.1998091345951712669
1501434790406805486665.4905960387023119466
1501420044059395768060.2628832213492384346
1501404777016713046207.1929148125387393903
1501389270138238275169.6838810257415979262
1501373809140399506566.8515572510927973276
1501358678997588864737.9790630421144421589
1501344158307202755182.9004895158454288172
1501330513738575628646.5727283913871695389
1501317994686176620522.0097656855698968955
1501306828244948972015.8186932920492399899
1501297214620156704422.6194250421832607398
1501289323075620604383.0267453832820011102
1501283288512934543733.5039759670645095593
1501279208760409510207.7842936950826410752
1501277142634443970407.7254284605942901878
1501277108818193793660.1133183490758262372
1501279085583307849497.6224546173210160156
1501283011360650021694.9425081255110410954
1501288786145916406596.4763868859571667203
1501296273706455872108.5189330433052699315
1501305304536975104861.4175734466815928555
1501315679494680751551.5850855862340924547
1501327174029249664508.9286273468958336622
1501339542910218866363.4186606111117411305
1501352525344258953715.2620560869014928538
1501365850367552908327.2022826330453118564
1501379242394262454840.3731409656608048479
1501392426800843341921.9704767007305441874
1501405135427692150052.2614883140644094961
1501417111884107258125.1464784574321593665
1501428116549587270734.0567089066222649242
1501437931173771785806.0579352559107082084
1501446362988505376963.7047671045235796287
1501453248258198237500.4161143958363957693
1501458455208472106744.8582730869963138406
1501461886287622099639.9523661659307829791
1501463479730309225977.4033673390883946707
1501463210407762210454.4046171197823243998
1501461089963279316938.4036696865729615869
1501457166245687653066.4337181631251916857
1501451522066387587070.4300722702465646612
1501444273317476804548.7504231399517703620
1501435566499050642242.2221375608321818709
1501425575712995066162.3385805356743019053
1501414499188349843129.0243114214682366525
1501402555409583791962.8915576633538633656
1501389978923886820718.7350242292916287412
1501377015906869034918.4165506009368321628
1501363919567913908895.0071911674841153676
1501350945476928043034.5407657473900831223
1501338346893446834406.3161076141747324944
1501326370177086507259.4254105351354136976
1501315250355278290745.9171069545176851849
1501305206920183692653.6394690970167031881
1501296439921775459354.4006708733915251007
1501289126418380588153.4229727206613490182
1501283417339620792079.6623694685498860505
1501279434809749684843.8559048102540683176
1501277269971968117805.0930409594929630696
1501276981346488767958.6671425186159671859
1501278593747003387186.4372982809351493388
1501282097771862648074.3310262217925447021
1501287449877787972721.7444223454254689560
1501294573035373855063.7111747606292166433
1501303357957083763752.3920091271932180340
1501313664879968607865.3689945812390933419
1501325325877020966080.7972859031366983268
1501338147662999946891.3618621332656155289
1501351914852802784838.5705367053216526223
1501366393623105882916.7395292054996165695
1501381335721139916419.2358265938189731874
1501396482758195027293.4236682376608814633
1501411570719871345615.4476891941385712703
1501426334620298804765.1275383826369030468
1501440513223652557631.8611996968556802731
1501453853753391084930.3080015362713735746
1501466116507846747020.4226033332010302630
1501477079300202380590.2474717521560422567
1501486541641584510506.0099081613799341855
1501494328588074584562.5955938824024525488
1501500294175949666970.9048600378315768022
1501504324374458536274.0715635981178591464
1501506339491938566432.5000432017579864214
1501506295979073882342.2401257363990518390
1501504187582542495698.1305047067915726818
1501500045813117365937.3394336075774899158
1501493939704349590784.6214320027664829262
1501485974851102948988.7274960514328153214
1501476291731214305492.1242166739282985914
1501465063328165968938.3073764864122730678
1501452492087574162757.3667816331682255532
1501438806255185521789.2337831123704065568
1501424255658564179078.8025413118425194827
1501409107008358096149.6882559026652006523
1501393638807558026623.8213883724078104937
1501378135968112933066.5271560151397827630
1501362884243267207896.1216392878594457959
1501348164590696748295.5374404763230304524
1501334247585650913679.1210132398457182466
1501321388004627476457.1866423612598051761
1501309819698466525838.9068147302170079116
1501299750869083133752.8885275068588872814
1501291359856398860002.7417192790383179202
1501284791531509260568.4471925043104624066
1501280154378967446303.0177790313069715601
1501277518335595069591.2466950739114006770
1501276913435858902826.3488763692559668572
1501278329295051317430.8861385554730759870
1501281715441818262628.2062323409717893511
1501286982491554665498.6483488259326774275
1501294004132412983365.5710399788813662776
1501302619876714760378.5896658433374873849
1501312638512954976158.4940508803051297989
1501323842177830849059.7643594384231511926
1501335990954227879347.3289518764159893330
1501348827890190830957.1956120950356373434
1501362084325837938378.5391161850628655638
1501375485410086634758.2108584490863949061
1501388755686993138212.5526210412368556628
1501401624632415056651.4014495905848036174
1501413832025445794975.8418382372388380620
1501425133045423625559.7944441971479398080
1501435302994002944122.1083323850462892073
1501444141552455589444.3715597275872157455
1501451476496675574794.1780068825322129397
1501457166805900223656.1806813072795133716
1501461105115537879724.8087098443106492693
1501463219479318078964.5722975544806774988
1501463474420884597022.3454549369146731114
1501461871269594199832.7548166895127363211
1501458447789359463125.6997807125908621069
