989214643192773742702112.73299347083245469
989249149530545569919625.04660445032769681
989319938131702581594273.55320334011849460
989425938250152601135206.62184131036550536
989565561090685316128128.67657322527380950
989736731883518157211869.36033044529649587
989936931181661878640679.40014182165517647
990163244117421264945395.28315503179649326
990412416155020221440364.65163377390414032
990680913743954365614971.34210492049799069
990964988214463843398638.46824564097185508
991260741260469972492193.45754882208492650
991564190420686085607297.68662356529292788
991871333086694796968726.96101614956269353
992178207726851557715478.77573023474807403
992480951205141064855705.08242030664829644
992775851282653379540066.95714041708231875
993059393604887307568790.64054857832417346
993328302690622975387277.18660860761549831
993579576639308624737657.98110511698693084
993810515457353654109618.88767796917643919
994018743064928573411209.43597355666386611
994202223181202306863843.83121713129302015
994359269396394531432082.39005259356232434
994488549823948796699473.73037808488309590
994589086786971991749894.38541095061194341
994660252032036296523982.10868510274117347
994701757983190009559035.08047762348857923
994713645552510140023874.49827993333969130
994696269013737642959195.00698463235240927
994650278425346195167883.05157461951864337
994576600061473450291111.90167909432420295
994476415275870399786284.23796689108494428
994351138187457105979394.94675883150171481
994202392537933914007950.96063193996906135
994031988033581464514577.69964001014885942
993841896445980286841594.54259102102344753
993634227710706535339226.52254651555359363
993411206229689993664194.68892979099168791
993175147552226288774300.74969276725755791
992928435581822663550305.36742247965848926
992673500431197332191371.89509744586635227
992412797025814572912613.74859896696418823
992148784537212378261279.14565239424878897
991883906710903118923052.85624208469174303
991620573139600731653422.34386052547092356
991361141520730006011900.49696127354153825
991107900927375307837428.11206548862961161
990863056113798523083130.90238421418639716
990628712870177246258489.19970584729664083
990406864436074389899576.03461676764055944
990199378978154837381655.54394525809560097
990007988134636122234130.24935323604368221
989834276626739204526735.51999058710854582
989679672935851391058556.47457969299447150
989545441044103383556055.03205188987150674
989432673235490426657762.77046847231008873
989342283954443450906978.05431972453396402
989275004718804188727475.10741977186096369
989231380084415422476799.14682472532290497
989211764658951724362325.94784126991299741
989216321163144361808968.29498799070445373
989245019538160882453704.82591130354589702
989297637098555109823979.70484261541274334
989373759730880262409345.53710681611342312
989472784138731674603901.06072321706186992
989593921135630889799007.68562114506986041
989736199987752267178620.65772993916744717
989898473808995156193912.10882810091970405
990079426011281620312856.71437656690998902
990277577813166245404473.41891806900009359
990491296809825653046834.06244115123372568
990718806607184362856068.79544950268328298
990958197522250815813696.29386839595341967
991207438350588101322992.81634441321672636
991464389200117460021637.56532278798393817
991726815388020875595009.37255222567605433
991992402394225834632726.14009385464898194
992258771860656051458235.72129463383779579
992523498619934029099673.58271891568165939
992784128730325360107814.18170948664696347
993038198485206770094322.52808034507257066
993283254354995378646538.31748725459093526
993516873807065395806915.51085212422306707
993736686934472451936468.68467412269598216
993940398807088947916511.37765811871902429
994125812438835020784685.92526534195119852
994290852241918702964793.53036076387256442
994433587813286042225623.69054082712586173
994552257869822045129703.47944837176194740
994645294117342778854914.86328218248526661
994711344804327256045587.53743364411216181
994749297675081538918229.87098261166534793
994758301999247080619940.19811187708638905
994737789316150983007791.34001822017113714
994687492494622176524241.21147464585957473
994607462673051885363869.61929113532380360
994498083612477680242059.93189638865304974
994360082969470668074212.54453971454473204
994194539978073285968174.20331931827478335
994002889023708068288209.26941376469929347
993786918599780480490961.64846224518582311
993548765162621887600851.18108336218652901
993290901445351513953924.37249725987080236
993016118858755715500723.16487072899353190
992727503699399495040140.10060915625572922
992428407003056889442770.85197826504158358
992122408025176877386196.00704389911982091
991813271498043994311139.86571456885200380
991504899003397814383497.85106337176706069
991201275004509228192958.92695115167850215
990906408296093151456927.96466240614687536
990624269845128632997993.75486338541283387
990358728200235926152679.77990564226000256
990113483830192603323937.34084381386474649
989892003901481255433392.55132666638827753
989697459108865076639354.57144513960223297
989532664221633996751579.55860365590771855
989400023993405395982800.66153415324684306
989301486000450194988725.77346447035817731
989238501821608025182563.13710415731517997
989211997755454322548056.16040912059574090
989222355995394267762685.90147016900483522
989269406862761840550080.72848913207810494
989352432347115852657999.03846552944713300
989470180839338225630195.93775307704708411
989620892585406075250580.40440163382620771
989802335054935948893182.05356352097139783
990011847125086214894940.42538097549078945
990246390740473488943870.82485035612069256
990502608532887727000920.06939353003509506
990776885775925043967302.38438197306812863
991065415009935183158262.58762061220555701
991364261698532901506242.27832012449199233
991669429362491909938707.94543178931343098
991976922770620241818307.89797562201337711
992282807939005998500640.74349428555101156
992583267887889523090683.86211628429313921
992874653317579668740810.25328009905191265
993153527580390193525792.20639070597896806
993416705535061491477193.01090945670564352
993661286065865138994700.46859662209275460
993884678224809465388129.65543019354593558
994084621108241070757264.36185249765591172
994259197706618583827598.56259146758491839
994406843067819262850355.70951038467469845
994526347190790472472922.54162245252421120
994616853119404337584901.11723025356866874
994677850738411958907321.42472302350385728
994709166787222650923269.40063774705581268
994710951605827134509798.11988229122974707
994683663113505804791691.25458032094723296
994628048497831268604165.87830715392909171
994545124061462510214568.72997731079123694
994436153639608729208103.79422701361301645
994302625963756564381832.69197162610917692
994146231308913311315593.39985618105223731
993968837723508218667788.42936187677482451
993772467104205780411835.60311880240781672
993559271342947842821641.03018936592206021
993331508741056947986992.24379174414014658
993091520855512783408311.43030480634022453
992841709915712723706688.61774725017384473
992584516925179165237030.89206126701602312
992322400541719604567421.20859439885397772
992057816811350179821787.36230328507030683
991793199815681840870892.26612629545743064
991530943279232190668011.97460152788205049
991273383172040680039565.77088409786213509
991022781333800123936576.65746204240255563
990781310138246205439425.73771109495940229
990551038210550517950958.09953542681126139
990333917205736827074906.57411117236528794
990131769652495747625784.53328370438972612
989946277864038730823908.15203059470600648
989778973915655271227034.26755202879211044
989631230687282957883271.32098915097609068
989504253968551444792751.05979501695604382
989399075623318265561255.68827279825008205
989316547810591648316488.68148382874033934
989257338258861878648856.51027946239103215
989221926591179219692683.58648148448979044
989210601698774206753693.35609534403399492
989223460161575106595770.37847122752698524
989260405714603961933245.54733562762679386
989321149759898209001543.19828876937547753
989405212924283523393198.58048454215215792
989511927663990457183926.68138181730723647
989640441917736782950937.20158204323743233
989789723810460621890332.50637915537084261
989958567410353021527603.69295227861715610
990145599542162648845386.75679056612580073
990349287659881160635831.62001577016447859
990567948781806760474269.26938169347962392
990799759490554513283153.38154563118469318
991042766999750462074087.53936283390214180
991294901287812486882877.65444467916047207
991553988297267563199994.86859517863702392
991817764195348381251531.71654703445926463
992083890687999681899164.57289865954961164
992349971374735309048698.59439166517708673
992613569125832321364422.44624191141229545
992872224455923849008096.02686499062477730
993123474858939629334358.31788651987907346
993364875058315053327284.27631917988207826
993594018113215751442981.62039985535805178
993808557305980073861119.17616718704119660
994006228717857171459357.57403807054328257
994184874379234637515010.02569342648596400
994342465856774996641047.08035456901635604
994477128113151234558942.68175834501376144
994587163445417829462653.47453373339042935
994671075275627240727244.85589085475456169
994727591532408840854361.13968869659216900
994755687325363718045121.01405965532931222
994754606576016672730813.24606906224991252
994723882230690343665413.64804466676445621
994663354643304899656537.67186840713925373
994573187681359778529013.36610770701614714
994453882078155446655201.47354166785340600
994306285530927557363136.85533754931743067
994131599030560790438944.14368627125467887
993931378906737871566997.86991286445441463
993707534085724092282391.57568536934044158
993462318089465947290101.50384970230542989
993198315357102598214814.16036924178314117
992918421545763654236760.74275707371194947
992625817568407475899739.58547799649427341
992323937253236589886489.43901171477994918
992016428661448495388396.00502946609768202
991707109275735952674035.93091325998120607
991399915467259197751976.49889953229877519
991098846858071404898090.25018589975514102
990807906411550660621309.71342035015147644
990531037295853803185524.47368625540349638
990272057763892405278307.00841827437332689
990034595466069032556415.97874376305342016
989822022747060128079817.30648085556475757
989637394564054262118785.22868692134648246
989483390691483361226007.90386762511103217
989362263839476353926851.80309041537816678
989275795206544451895529.07698976052837276
989225258811994220734805.41660631041211065
989211395715284025400456.32112646502443664
989234398937354399932955.86200231307355863
989293909566099880459049.71415627994981505
989389024170842529649081.46836628261283380
989518313286991682988782.13168250976216179
989679850380590092226477.27225624940354614
989871250380787458165399.32973577902355838
990089716591844620990147.67723948131763069
990332094577136198287728.98100434540483319
990594931453810490203073.11431028659003325
990874538951904741849668.49867992080829387
991167058575077374285266.02964738745530689
991468527247056832912128.57134549842203846
991774941930549694174625.28200171845382751
992082321853500449522226.20948984080072671
992386767159693520270671.14645266410681103
992684513004760215201363.23425657596321165
992971978333146884846876.47415438697585251
993245808786057712753159.19347038131463130
993502913395922008717350.95011750794028898
993740494912519090239655.92032472209836345
993956073774437782803834.95479577639759660
994147505883852596468394.36409210828384563
994312994461174960590090.81238433430181280
994451096348951999352044.08785800305971608
994560723202566369324661.29588304897634359
994641138050828282642737.65318439962296109
994691947735008387450992.61514269242031962
994713091743120171814217.37655728654350234
994704827950311635797749.01039762151834298
994667715758995277506730.19275297067150273
994602597106575521012236.02273678546450631
994510575776799115241198.97779545535283610
994392995415017725398428.28945925754513717
994251416609840097841132.58575655817083532
994087593365259658003202.06475464042549514
993903449249554765375961.40257380628580936
993701053470970643339700.04126218749428854
993482597096050835466429.65136085457956922
993250369594924055119421.23797191441910853
993006735869123461399699.45779941606313837
992754113891729850647045.17609523499008082
992494953066785592012892.38898103533413122
992231713394934996117335.04437176439178935
991966845514960561617446.08834345828132700
991702771676113133400924.53376369378981857
991441867683662125391971.26464961030696112
991186445849691978824020.67233902001821187
990938738972612995561492.97853369616679055
990700885361913875514371.81209566915136813
990474914919145632493445.73184743079345983
990262736281792395847467.90017000304043111
990066125033371000549917.94342966419925668
989886712980643287456987.43367619282079455
989725978497076113349685.13831603479356644
989585237930515745461539.23682442964895005
989465638072344462584037.10346953053245940
