0.86292731295445211935
0.83686967729093640376
0.84693856369127245495
0.85700717376704542621
0.83094952214132547973
0.84101841521987631108
0.85108703428961046642
0.82502936683545802750
0.83509826652625617348
0.84516689452402402168
0.81910921137521313929
0.82917811761229017166
0.83924675447216291944
0.81318905576246993183
0.82325796847985646511
0.83332661413590402548
0.80726889999910754014
0.81733781913083324430
0.82740647351712424750
0.80134874408700512264
0.81141766956709873190
0.82148633261770053438
0.79542858802804185963
0.80549751979053118093
0.81556619143950987489
0.78950843182409695058
0.79957736980300887551
0.80964604998442929976
0.78358827547704961942
0.79365721960641013226
0.80372590825433588067
0.77766811898877911002
0.78773706920261329769
0.79780576625110672897
0.77174796236116468621
0.78181691859349674762
0.79188562397661899449
0.76582780559608563186
0.77589676778093888784
0.78596548143274986791
0.75990764869542125165
0.76997661676681815502
0.78004533862137657940
0.75398749166105087007
0.76405646555301301483
0.77412519554437639799
0.74806733449485383084
0.75813631414140196075
0.76820505220362662930
0.74214717719870949496
0.75221616253386351512
0.76228490860100461923
0.73622701977449724491
0.74629601073227623022
0.75636476473838775274
0.73030686222409648216
0.74037585873851868780
0.75044462061765345305
0.72438670454938662698
0.73445570655446949645
0.74452447624067917941
0.71846654675224711458
0.72853555418200729027
0.73860433160934242718
0.71254638883455739906
0.72261540162301073214
0.73268418672552073116
0.70662623079819695436
0.71669524887935851423
0.72676404159109166213
0.70070607264504526900
0.71077509595292935285
0.72084389620793282763
0.69478591437698185083
0.70485494284560199354
0.71492375057792187229
0.68886575599588622360
0.69893478955925520567
0.70900360470293647395
0.68294559750363792562
0.69301463609576778620
0.70308345858485434927
0.67702543890211651439
0.68709448245701855737
0.69716331222555324874
0.67110528019320156163
0.68117432864488636748
0.69124316562691095782
0.66518512137877265451
0.67525417466125008920
0.68532301879080529847
0.65926496246070939834
0.66933402050798862367
0.67940287171911412825
0.68947143476176221328
0.66341386618698089314
0.67348272441371533514
0.68355129678750902663
0.65749371170010584354
0.66756257687648684269
