-2649790467509084558301910006210198.59089946158752637515
-2649777307287616329705603413797702.95192850832837049071
-2649780159938217717056311569957926.60375535426028824032
-2649783012701899235535621834548003.22184969563485739683
-2649785865545444500278909387141727.35724907751635528437
-2649788718435636180771556431764425.70341308229524760830
-2649775558440037537868083697570494.10273713995668726274
-2649778411004886996549253996400342.01900472479321834616
-2649781263703180336158634116718742.18876787517322863910
-2649784116501702044908093512657277.09258347950645209037
-2649786969367235302248721907633347.95533604850467243627
-2649789822266562570470120882559838.35873869038877665274
-2649776662121714323486062841158711.12308080351818133002
-2649779514742134643810521234908152.49980373261414355688
-2649782367483147464900091259000923.44324613955850849042
-2649785220311536697341676485310869.47078596707799622830
-2649788073194085173505762607163929.75794512992451003793
-2649790926097575236982296790673232.50194963704010427204
-2649777765826416501551861361188800.19350709866146966771
-2649780618497435377491235052223004.47365811220495111459
-2649783471276195122751527427423704.48379134716988804490
-2649786324129479160462862432744353.29966511956681419765
-2649789177024070063383605474332790.17339984717650833663
-2649776016963680016107687739849807.40641265358956644854
-2649778869552220249485128482152420.55225207640074961210
-2649781722268865266820613213817288.65893020821508177939
-2649784575080399305761652265092774.29562292070331839787
-2649787427953605391185207951887995.88985801817332662713
-2649790280855265925206799591761560.91853114608423340719
-2649777120655156341704239801547502.36634080545297244802
-2649779973297201696991804788995466.08765662210104923194
-2649782826054500347322813496346432.25546286916773315329
-2649785678893835990756572490628497.94870482094658741339
-2649788531781991340765169190822599.73828739509352725423
-2649791384685748718665804849876078.46776321660209729441
-2649778224368858810104738245126976.68579050223463659292
-2649781077059436934532245058794156.54282504682264212970
-2649783929852416629153389712009773.15863354791549405799
-2649786782714581140654540387428818.40493489178529739841
-2649789635612712960298767486490297.28367068211293003040
-2649776475491490779796518843097618.93409788535340320924
-2649779328102863577940464134841175.61792050990582556642
-2649782180837002017150218792475214.48690999506894711044
-2649785033660690099340730289720986.17552409407394267154
-2649787886540710708751286634769752.35102215284446099255
-2649790739443846204391030441377443.36083569672073862264
-2649777579192434597931834850230707.07670932726848478986
-2649780431855246758362941756580642.86412273225527084579
-2649783284627972968450831930328634.76085401462688214335
-2649786137477396727664653906147614.36571975612704955913
-2649788990370300645619909793126302.76784922300324858028
-2649775830335804072387478230214600.20597278839694546207
-2649778682914805300330690920108164.23718315134742878648
-2649781535624084426649609405291760.43472394496579060955
-2649784388430425789205596258503318.93154296205257044343
-2649787241300612473113663031481695.11483064405921088760
-2649790094201426903398533377205204.57211367132648674929
-2649776934023331879674400287224658.38098852794123012853
-2649779786656679025448783696142832.70277506514314001801
-2649782639407452623833625516917978.53304181118616023050
-2649785492242436457917060935340386.55418165191040626727
-2649788345128413287108042695868908.24315290055839989836
-2649791198032165440930319885178933.84914615433360166937
-2649778037733411139644558297873083.28279145011756835337
-2649780890416131868604685118388167.67123940306742649833
-2649783743203427363207583887094989.73604575651729612251
-2649786596062080939420804943273915.63846275559524162087
-2649789448958875120300307007386665.14015911625832329347
-2649776288861934916759642484204384.54031208101370518695
-2649779141464118017258365767620991.97973399698447512584
-2649781994191239891545432668983108.49074041878436640228
-2649784847010084635933733203297895.95586256406991812552
-2649787699887435189243477959985237.55092151942970577391
-2649790552790073926284734727809255.95675237993094625267
-2649777392559065366089527995810597.44696767650766267098
-2649780245213528632846385566990253.07275654070551127311
-2649783097980079122778677639744703.28743234794729950433
-2649785950825500414145267015499983.74091532479118619920
-2649788803716575157730821956661798.10020137729319291674
-2649775643708627964361447641979172.50161744567420526293
-2649778496277948013242634185479363.94432109091843095485
-2649781348979719066843129853023368.13341670525705188450
-2649784201780725565597830938924220.75140530110195002743
-2649787054647750658536924729081711.73748003517270517813
-2649789907547576796012588257639314.13612296185541757270
-2649776747392152244661336534143785.54301129094253827933
-2649779600016659003988835944159024.99783356226327315839
-2649782452760765366374115117304449.44236483042252115379
-2649785305591255202970915778456715.21551347188879479599
-2649788158474911321452316380927575.84764903346996012956
-2649791011378516061374821912482535.57463427090152299447
-2649777851098553286867577959060266.46515976301140717808
-2649780703773274440757539596459611.22394005103781328428
-2649783556554743549196188183297345.10226446700591117334
-2649786409409744000937644083970547.60906447963029281211
-2649789262305058352747278629887025.26902347676524726076
-2649776102233056035081040377080118.53197916855189907468
-2649778954825907263555733183261601.04664920059643768426
-2649781807545870390562705902475448.51451436442236689089
-2649784660359729609320654961103017.66338915234712230555
-2649790467509084558301910006210198.59089946158752637515
-2649777307287616329705603413797702.95192850832837049071
-2649780159938217717056311569957926.60375535426028824032
-2649783012701899235535621834548003.22184969563485739683
-2649785865545444500278909387141727.35724907751635528437
-2649788718435636180771556431764425.70341308229524760830
-2649775558440037537868083697570494.10273713995668726274
-2649778411004886996549253996400342.01900472479321834616
-2649781263703180336158634116718742.18876787517322863910
-2649784116501702044908093512657277.09258347950645209037
-2649786969367235302248721907633347.95533604850467243627
-2649789822266562570470120882559838.35873869038877665274
-2649776662121714323486062841158711.12308080351818133002
-2649779514742134643810521234908152.49980373261414355688
-2649782367483147464900091259000923.44324613955850849042
-2649785220311536697341676485310869.47078596707799622830
-2649788073194085173505762607163929.75794512992451003793
-2649790926097575236982296790673232.50194963704010427204
-2649777765826416501551861361188800.19350709866146966771
-2649780618497435377491235052223004.47365811220495111459
-2649783471276195122751527427423704.48379134716988804490
-2649786324129479160462862432744353.29966511956681419765
-2649789177024070063383605474332790.17339984717650833663
-2649776016963680016107687739849807.40641265358956644854
-2649778869552220249485128482152420.55225207640074961210
-2649781722268865266820613213817288.65893020821508177939
-2649784575080399305761652265092774.29562292070331839787
-2649787427953605391185207951887995.88985801817332662713
-2649790280855265925206799591761560.91853114608423340719
-2649777120655156341704239801547502.36634080545297244802
-2649779973297201696991804788995466.08765662210104923194
-2649782826054500347322813496346432.25546286916773315329
-2649785678893835990756572490628497.94870482094658741339
-2649788531781991340765169190822599.73828739509352725423
-2649791384685748718665804849876078.46776321660209729441
-2649778224368858810104738245126976.68579050223463659292
-2649781077059436934532245058794156.54282504682264212970
-2649783929852416629153389712009773.15863354791549405799
-2649786782714581140654540387428818.40493489178529739841
-2649789635612712960298767486490297.28367068211293003040
-2649776475491490779796518843097618.93409788535340320924
-2649779328102863577940464134841175.61792050990582556642
-2649782180837002017150218792475214.48690999506894711044
-2649785033660690099340730289720986.17552409407394267154
-2649787886540710708751286634769752.35102215284446099255
-2649790739443846204391030441377443.36083569672073862264
-2649777579192434597931834850230707.07670932726848478986
-2649780431855246758362941756580642.86412273225527084579
-2649783284627972968450831930328634.76085401462688214335
-2649786137477396727664653906147614.36571975612704955913
-2649788990370300645619909793126302.76784922300324858028
-2649775830335804072387478230214600.20597278839694546207
-2649778682914805300330690920108164.23718315134742878648
-2649781535624084426649609405291760.43472394496579060955
-2649784388430425789205596258503318.93154296205257044343
-2649787241300612473113663031481695.11483064405921088760
-2649790094201426903398533377205204.57211367132648674929
-2649776934023331879674400287224658.38098852794123012853
-2649779786656679025448783696142832.70277506514314001801
-2649782639407452623833625516917978.53304181118616023050
-2649785492242436457917060935340386.55418165191040626727
-2649788345128413287108042695868908.24315290055839989836
-2649791198032165440930319885178933.84914615433360166937
-2649778037733411139644558297873083.28279145011756835337
-2649780890416131868604685118388167.67123940306742649833
-2649783743203427363207583887094989.73604575651729612251
-2649786596062080939420804943273915.63846275559524162087
-2649789448958875120300307007386665.14015911625832329347
-2649776288861934916759642484204384.54031208101370518695
-2649779141464118017258365767620991.97973399698447512584
-2649781994191239891545432668983108.49074041878436640228
-2649784847010084635933733203297895.95586256406991812552
-2649787699887435189243477959985237.55092151942970577391
-2649790552790073926284734727809255.95675237993094625267
-2649777392559065366089527995810597.44696767650766267098
-2649780245213528632846385566990253.07275654070551127311
-2649783097980079122778677639744703.28743234794729950433
-2649785950825500414145267015499983.74091532479118619920
-2649788803716575157730821956661798.10020137729319291674
-2649775643708627964361447641979172.50161744567420526293
-2649778496277948013242634185479363.94432109091843095485
-2649781348979719066843129853023368.13341670525705188450
-2649784201780725565597830938924220.75140530110195002743
-2649787054647750658536924729081711.73748003517270517813
-2649789907547576796012588257639314.13612296185541757270
-2649776747392152244661336534143785.54301129094253827933
-2649779600016659003988835944159024.99783356226327315839
-2649782452760765366374115117304449.44236483042252115379
-2649785305591255202970915778456715.21551347188879479599
-2649788158474911321452316380927575.84764903346996012956
-2649791011378516061374821912482535.57463427090152299447
-2649777851098553286867577959060266.46515976301140717808
-2649780703773274440757539596459611.22394005103781328428
-2649783556554743549196188183297345.10226446700591117334
-2649786409409744000937644083970547.60906447963029281211
-2649789262305058352747278629887025.26902347676524726076
-2649776102233056035081040377080118.53197916855189907468
-2649778954825907263555733183261601.04664920059643768426
-2649781807545870390562705902475448.51451436442236689089
-2649784660359729609320654961103017.66338915234712230555
