2740079779592150514121693.4307080432855809
2742090358260646690866595.3602586570284568
2746086809788517487892460.4931950268862017
2751809651201753664869886.6950265068417442
2758905723937829747766726.5439382986332018
2766964960499362773769961.2915430386169556
2775557859393548771097108.2221862132243235
2784268381921042887101714.7893011747640175
2792719096235193775325860.8233954703324115
2800587565150421237301862.2950158704666779
2807614625009764528218470.0203142435737773
2813606134966944231656616.4048337365968825
2818430074156685498615642.0992666593826688
2822010738565287038425998.5037489706658116
2824321452825433244710009.5777449759812772
2825376821112932730526599.5756532706726779
2825225185906242007856487.6095998785952493
2823941681492402624202257.3609006635177194
2821622066322854038884815.5695584994786838
2818377384246340542051455.5301238526312841
2740079779592150514121693.4307080432855809
2742090358260646690866595.3602586570284568
2746086809788517487892460.4931950268862017
2751809651201753664869886.6950265068417442
2758905723937829747766726.5439382986332018
2766964960499362773769961.2915430386169556
2775557859393548771097108.2221862132243235
2784268381921042887101714.7893011747640175
2792719096235193775325860.8233954703324115
2800587565150421237301862.2950158704666779
2807614625009764528218470.0203142435737773
2813606134966944231656616.4048337365968825
2818430074156685498615642.0992666593826688
2822010738565287038425998.5037489706658116
2824321452825433244710009.5777449759812772
2825376821112932730526599.5756532706726779
2825225185906242007856487.6095998785952493
2823941681492402624202257.3609006635177194
2821622066322854038884815.5695584994786838
2818377384246340542051455.5301238526312841
2814329423557369776578327.8555099810175467
2809606899318470498473998.3683989369999318
2804342265855204340432418.9906685244604460
2798669063201186772099117.1107539964519475
2792719706971777536634866.3600784900639756
2786623641307160995075349.0468862695662608
2780505786416846200169657.0580982015078343
2774485224261339383284929.6655390135307483
2768674077132124115074730.60890621701203650
2763176543899851717807151.98986865285451150
2758088067323823200325659.93894276117681942
2753494613036588878282146.15670954580175424
2749472046699668319740632.43775550632794313
2746085600473583738825053.28631861405829171
2743389423479317971400946.88494772016559246
2741426213478961741593188.99629381172500798
2740226928705721997717190.40663647460739630
2739810579767478643078606.09430864113999935
2740184101979145737111946.41450390656588318
2741342308498652244944108.46088855989166163
2743267924406288228439335.64111800382046842
2745931701538194689281241.38097289353767616
2749292613624100682198054.34354592935369958
2753298131247985279523121.10678108301108465
2757884576505432836001567.20707847529832227
2762977558124934913609199.66533962493602562
2768492489398102609583998.29022663211314484
2774335193665839227110509.1058493002140876
2780402605469333592373830.0099676374944858
2786583579927065735686791.3486110263668985
2792759828565735379454376.4974721826439727
2798807006822878275875503.8798505395049878
2804595986826735310293647.5491585711232505
2809994358848956624794245.1179265555317024
2814868215886989097833853.7881133145562919
2819084287792001794585063.5105979684089599
2822512503429626935207257.5278219422119040
2825029070092332899574212.7018979207690325
2826520166288394561055752.1323987564151419
2826886343100351733686012.7782261763422743
2826047714386892001036018.3552407955887819
2823949978276279624879639.2990375660182091
2820571239550366227024872.8071973677641614
2815929479621091685232362.3081782528643761
2810090331830205492356622.7768606164861957
2803174552644459024262447.0990780752250668
2795364235371745382087870.0088776541882257
2786906422592143749940633.3420205260114449
2778112415461498206197919.9694274917923290
2769350896298300137400552.2957242238785040
2761033180739382090698672.8677145433820616
2753589715874881545981399.7358460050967787
2747438461878451110070023.0951120136180595
2742947902660826778613412.5651051362825396
2740399617794188225119081.3961103631716572
2739956785276734143115668.0559730717761167
2741644843314281629316134.6546544364229615
2745348475999076698156284.9409906027369106
2750825589039771976991917.6047500736498406
2757735204764790818184181.1315555392408515
2765673551031493198427614.6404009577601758
2774211817359848803776143.4439168524947979
2782930024496275890039040.1526876162692222
2791443482939446646694172.7566812259444754
2799420525268240457501644.2074080907949307
2806591950440729351059359.5311623916202290
2812753661129506303536036.7053177139009052
2817764358953272373050355.9055306951598293
2821540087473205886830866.4401710403682962
2824047096895900619623337.0940980350398333
2825294114339157863973956.6628562369585555
2825324739036213124585299.5060233098701169
2824210387650869073783483.7004117556380569
2822044000299576161044268.7628156089906849
2818934574160179340376364.8306923543014007
2815002503321055675850749.6379371171558626
2810375655139832206964014.6761990524279830
2805186091668297884145066.1227265205810575
2799567339689865639046258.1363401113469548
2793652117587631102961652.8876449242045565
2787570436946491420058856.7014345729796548
2781448008545335103467634.9971375944048148
2775404894454426839869807.3160910296608295
2769554359336304198157982.7568683362882038
2764001884261504216619150.81815539355808270
2758844315191702633576549.24591125682938277
2754169125717632171759417.48642068849442356
2750053779722134844929394.44906116201638272
2746565184469135070000506.59546120127065234
2743759228316973848104986.26367838899871285
2741680399948477419948226.75212493081585106
2740361487834649005707198.18445299538507817
2739823359743032197504781.91386381315351262
2740074822610134987470488.74567843933085648
2741112563170343685625945.54507655333152603
2742921169527615576303189.16210929314458113
2745473233531193778215417.98444871756546181
2748729533534777889933800.46397538601487211
2752639297041328941630513.02114763306649147
2757140543020960165422211.82306051580583898
2762160504489947413851408.61116481096553408
2767616133401549305931970.25597389165853349
2773414692165031720252777.4509987941811443
2779454439314084223407739.9925345661990537
2785625421121257104640548.9208791423583277
2791810386426416938948061.9926956490403480
2797885848726494337532785.4816855323533271
2803723327742877984082478.1456739483439953
2809190812260245548929111.6812764743380084
2814154496912090985060753.7688786436513899
2818480857446934694597681.0042296918071016
2822039141137733587403994.5730763945007094
2824704360067003312337642.5541535228953906
2826360882734825762902262.0211595456659341
2826906720056880732786923.0518116864236745
2826258589569014438237658.8988016803258199
2824357808079284670756825.6392379441843286
2821176996492863016799894.1769904054697592
2816727466434216405130215.3588961551732614
2811066980507005962320832.4465061838669473
2804307323356696351392317.1635478713399635
2796620787586572547090246.1112498590523660
2788244291634779398477600.9239013382578018
2779479476020724359188168.8114888836404680
2770686903227440140835733.8918650135890823
2762272612462942096107487.6535920174234032
2754665975826320100483530.1711152650693553
2748289212551730080509920.6045355788965937
2743520958515823618693605.3235922732373546
2740658511149458176940469.2756381858819056
2739884982578673647964106.1118719498288509
2741247736731778380440053.9047515133444701
2744652710424800797495267.2754958305466232
2749875876190552551301349.5448249023108280
2756589312693450381361319.1129736005804165
2764396456327205366256489.7203486057241002
2772870003756477078785374.3729053224451982
2781586669769983019636865.7245473636929944
2790154929843743073858253.0213424083258846
2798234108920293535382030.8316135606237469
2805545027844019136566427.4611790295087361
2811873574200201204207775.0186716355936331
2817069038826173152698117.1583486912403204
2821039040276258506375111.1972053259527602
2823742568265291162428873.8082243261732870
2825182290346027378855844.4393593311475952
2825396893557588969526750.9334956845075377
2824453926442379888555437.3379936874647471
2822443380224623545122144.1312833147567875
2819472094208207724329420.7705032445417286
2815658974709441712193236.2247719084605046
2811130963235681531055700.2026079976186499
2806019664517357292102022.6563067394422648
2800458537935618343995816.8547966802422491
2794580559419504407495611.5313674070568815
2788516270025968625528394.9112584854620225
2782392138988588079425190.7775999638291181
2776329181112382547667775.8302479971314919
2770441779921729490739362.8602741405385509
2764836678381021759715768.75445711672147581
2759612108066381506875456.24837246477318963
2754857035316957064183906.37845444308412285
2750650509180545918949380.36223441168188684
2747061100984842429532197.66258115179734003
2744146429230088382105242.74425203513554485
2741952766339326444406329.92474966877063056
2740514725752400811442550.99360231142102994
2739855029047605944904783.41135022586187379
2739984353364093467372503.95889364356863078
2740901259528401852282074.47961320752051087
2742592201115095978663757.24809279709225728
2745031614354259938371391.42376082624842328
2748182088499500769303076.54277638723904711
2751994616150814849972376.08093904533968536
2756408923245775835858780.19666906826235809
2761353879143688856509561.43399776379265116
2766747988578324197616794.41802548397543876
2772499969387415646274111.2017737736590126
2778509422978030364638815.5158021085383081
2784667608588473741711486.1927403033714664
2790858337686118862689898.5398639781857593
2796959011411266092518301.1718443825093389
2802841831928054700014280.5698604070802212
2808375227906000232713260.7867078255151057
2813425545049896875325751.4762074035413607
2817859064337828449947015.3614656954612823
2821544422781601600676930.8124936903054356
2824355522878410258612952.1549181588285471
2826175025357538644935560.6642430909440367
2826898521861208729123513.9162867492046020
2826439474415427557151524.9131254011148350
2824734978943796184894537.1304324828805377
2821752349542559690950990.6062029107750709
2817496414537784460372969.9403901136871945
2812017248416526090981768.5709849988793339
2805417821466197389070956.8344586181554515
2797860727223558079329232.7359691306081009
2789572766015920809089739.5360327571713862
2780845782691706747742296.2739804788598177
2772031900891578006571125.5190106891175572
2763531353795852814770324.5630928618378868
2755771705518674804769228.0168314809782999
2749178554786477199183152.8783761990286891
2744139774847198872028146.1371259131875221
2740967583255866477360302.1317393382460462
2739864501683013631293085.5301927515060308
2740899681521386286777308.9262783858899144
2744000591371710715469722.8007533217280618
2748961904539302840689048.7887924174150314
2755469611490072924438671.4321820663534371
2763135274341914803059224.0495876661751829
2771533934967483726202941.6027184260116510
2780239668121381138310796.5931044393987475
2788854569742483605845547.9103522611882887
2797029208674406793650558.1785723566522650
2804474509259622605355218.4800885093126430
2810966300640745785013742.0973764024051141
2816344338606441076580919.5019094968365068
2820507648272924295470259.4805574552201587
2823407773564896658387400.3456693384954219
2825041138605365442878947.2704874182113919
2825441346768106628771057.7646431876414707
2824671924958412521197228.5314494935602921
2822819781867568413733309.3313740502352894
2819989484823278693455764.3054800943819460
2816298356215447683243742.4617709112209487
2811872331324587743103826.3446266959566028
2806842490636326844710682.9307387824240703
2801342170428511714664764.2190365413427517
2795504557691160915030900.2703925447218318
2789460683958174636104068.5584874401789223
2783337743977276623710314.2938059027084999
2777257677243480237324025.4261270387112347
2771335962084452294840261.9392338102460713
2765680582593056832211835.50521297549358453
2760391137977287172913474.23506741755629298
2755558071764592032883645.39382665410777138
2751262004789349120153374.44164187527560997
2747573161097751784993055.63038498392694775
2744550879938746953208008.93577990038421796
2742243209999765990944069.14726257580794037
2740686584124665971311538.38519484344855811
2739905574056082706946783.18023152561582580
2739912725418049427638195.54044120590995392
2740708473345917547875103.45337660580541758
2742281139033822894425713.57699014868255831
2744607007164375355487853.35337336353153115
2747650483872755178406312.87817055999964540
2751364334739836514022586.89507598551101595
2755690002465573607683217.30664246228332738
2760558004499203263127623.53835872002877467
2765888412145484698653105.64950931978089815
2771591414668902949948956.9333887097833602
2777567974817974887898870.2518439149413271
2783710586122502826595215.8953045257628426
2789904147405474579293945.0290351078752532
2796026976315628715847513.0777938986678852
2801951991420310206866618.6513913179950564
2807548101544171552311642.9615989065525400
2812681851539637611213345.3450376244310917
2817219385285587755015820.2209942646169664
2821028798862978663377765.1325509633131507
2823982968445368548600083.8048724007988677
2825962946515621859527195.3110139993025416
2826862023342525170596884.9028307141772324
2826590543145125901623822.8774041202928440
2825081538477094827559308.6362689816707332
2822297191467418680313652.8038081055819660
2818236032869003408036781.1323687197424503
2812940633440814055116528.2291139665542448
2806505312223864150481148.9807641615638593
2799083076345646580373138.9948764646542948
2790890631727788328578073.4061228302533209
2782209917318354010728250.8769889154559869
2773384329687899470371714.5721487457643375
2764807799532855407654996.1147287499714373
2756905379099960448881292.6271266932687107
2750105183730183357192912.2856091777048005
2744803405633721531608030.6446314288149941
2741326356056491144185805.9594735583369292
